[
  0.025357543,
  0.040572066,
  0.08114413,
  0.27893296,
  3.0986917,
  6.1973834,
  10.376306,
  14.986306,
  21.08226,
  27.350643,
  33.938534,
  40.89664,
  47.971397,
  54.48321,
  61.279034,
  67.39528,
  72.92829,
  77.68536,
  81.75778,
  85.4752,
  88.37611,
  90.64307,
  92.61081,
  94.15255,
  95.384926,
  96.46008,
  97.37296,
  97.91561,
  98.48362,
  98.85891,
  99.193634,
  99.447205,
  99.63485,
  99.73628,
  99.873215,
  99.93914,
  99.98478,
  99.98985,
  99.99155,
  99.99323,
  99.99493
]
