[
  0.0,
  0.005071508,
  0.020286033,
  0.055786587,
  0.14200224,
  0.2941475,
  0.61365247,
  0.9737296,
  1.6127397,
  2.434324,
  3.6159854,
  5.1272945,
  7.2066135,
  9.54965,
  12.501268,
  15.980323,
  19.976671,
  24.434526,
  29.384317,
  34.369614,
  40.100418,
  45.59793,
  51.257736,
  56.988537,
  62.75991,
  68.21686,
  73.3543,
  77.66,
  81.99107,
  85.80485,
  89.2129,
  91.95659,
  94.49234,
  96.42458,
  97.65697,
  98.66619,
  99.69571,
  99.87828,
  99.95435,
  99.9645,
  99.99493
]
