[
  0.9230145,
  1.5924536,
  2.505325,
  3.4334111,
  4.9142914,
  6.2683845,
  7.891267,
  9.696724,
  11.938331,
  14.103864,
  16.695406,
  19.373161,
  22.410995,
  25.479258,
  28.907597,
  32.498226,
  36.266357,
  39.67441,
  43.58961,
  47.291817,
  51.394665,
  55.289585,
  59.032356,
  62.699055,
  66.441826,
  69.89046,
  73.1058,
  76.34649,
  79.470535,
  82.34101,
  84.98327,
  87.549446,
  90.03956,
  92.11381,
  93.87869,
  95.481285,
  96.86581,
  97.84968,
  98.792984,
  99.447205,
  99.99493
]
