89.6,96.4,93.8,10.3,1.9
15.4,89.2,22.4,77.6,27.0
54.4,98.6,69.8,72.9,76.2
73.3,19.9,22.4,67.3,45.6
64.1,62.7,66.4,33.9,19.8
10.6,45.5,7.8,81.7,19.8
73.3,29.3,96.8,14.9,13.7
64.1,89.2,82.3,40.8,13.7
54.4,91.9,95.4,6.1,27.0
73.3,81.9,6.2,67.3,83.9
28.0,12.5,3.4,27.3,56.1
28.0,29.3,51.3,77.6,0.9
35.9,77.6,66.4,21.0,27.0
54.4,91.9,9.6,85.4,97.5
44.8,81.9,36.2,33.9,27.0
89.6,81.9,43.5,98.8,5.5
89.6,51.2,16.6,98.8,27.0
21.1,40.1,96.8,21.0,97.5
73.3,97.6,16.6,61.2,56.1
64.1,68.2,43.5,77.6,66.4
73.3,12.5,19.3,47.9,56.1
89.6,85.8,59.0,61.2,35.7
54.4,89.2,19.3,40.8,76.2
82.0,45.5,62.6,40.8,19.8
28.0,9.5,39.6,54.4,35.7
35.9,56.9,25.4,54.4,45.6
64.1,3.6,93.8,77.6,35.7
21.1,51.2,43.5,61.2,56.1
35.9,12.5,22.4,40.8,83.9
44.8,68.2,55.2,61.2,13.7
15.4,15.9,39.6,47.9,56.1
89.6,45.5,36.2,72.9,89.9
28.0,73.3,84.9,61.2,19.8
82.0,3.6,96.8,27.3,45.6
10.6,2.4,11.9,90.6,45.6
64.1,91.9,39.6,77.6,66.4
44.8,62.7,19.3,54.4,13.7
82.0,73.3,43.5,21.0,27.0
73.3,3.6,19.3,90.6,56.1
35.9,91.9,19.3,40.8,83.9
96.3,99.6,96.8,98.4,0.9
35.9,89.2,69.8,27.3,98.8
28.0,56.9,25.4,77.6,83.9
89.6,99.6,98.7,61.2,89.9
64.1,45.5,19.3,3.0,56.1
64.1,77.6,87.5,54.4,83.9
35.9,34.3,7.8,96.4,35.7
96.3,98.6,84.9,40.8,9.2
64.1,2.4,0.9,67.3,89.9
54.4,12.5,43.5,85.4,83.9
28.0,56.9,11.9,67.3,83.9
44.8,1.6,32.4,88.3,89.9
44.8,15.9,55.2,88.3,66.4
28.0,94.4,59.0,27.3,56.1
64.1,89.2,73.1,72.9,56.1
15.4,15.9,16.6,92.6,56.1
21.1,62.7,43.5,67.3,89.9
28.0,3.6,51.3,47.9,94.1
89.6,77.6,6.2,21.0,97.5
44.8,77.6,90.0,10.3,83.9
54.4,94.4,92.1,6.1,45.6
44.8,56.9,76.3,47.9,94.1
7.2,12.5,36.2,88.3,45.6
73.3,29.3,82.3,27.3,5.5
64.1,81.9,36.2,54.4,19.8
82.0,24.4,59.0,27.3,94.1
15.4,29.3,25.4,61.2,56.1
98.6,98.6,69.8,21.0,13.7
10.6,81.9,51.3,47.9,94.1
54.4,15.9,84.9,27.3,45.6
35.9,45.5,82.3,21.0,56.1
28.0,56.9,32.4,33.9,99.4
96.3,12.5,51.3,54.4,76.2
28.0,5.1,11.9,27.3,76.2
82.0,5.1,66.4,67.3,66.4
73.3,40.1,3.4,21.0,35.7
10.6,68.2,32.4,10.3,89.9
44.8,62.7,7.8,97.3,97.5
15.4,94.4,32.4,40.8,89.9
82.0,9.5,66.4,21.0,66.4
89.6,24.4,69.8,47.9,89.9
64.1,34.3,25.4,88.3,76.2
21.1,89.2,55.2,47.9,35.7
64.1,91.9,95.4,40.8,19.8
73.3,89.2,97.8,27.3,27.0
35.9,77.6,82.3,47.9,3.4
73.3,34.3,47.2,92.6,35.7
89.6,29.3,59.0,88.3,56.1
10.6,68.2,76.3,54.4,9.2
89.6,9.5,3.4,10.3,89.9
21.1,73.3,36.2,33.9,56.1
96.3,24.4,69.8,3.0,66.4
64.1,99.6,51.3,21.0,35.7
73.3,56.9,84.9,67.3,35.7
28.0,40.1,55.2,72.9,9.2
28.0,51.2,19.3,33.9,83.9
44.8,9.5,16.6,85.4,27.0
96.3,15.9,82.3,33.9,45.6
96.3,89.2,87.5,10.3,45.6
96.3,81.9,62.6,21.0,56.1
15.4,29.3,22.4,47.9,76.2
96.3,56.9,36.2,6.1,94.1
54.4,12.5,22.4,40.8,83.9
21.1,81.9,1.5,81.7,1.9
89.6,34.3,47.2,21.0,19.8
82.0,12.5,36.2,94.1,66.4
64.1,56.9,51.3,40.8,27.0
15.4,15.9,39.6,85.4,97.5
7.2,40.1,7.8,90.6,66.4
64.1,94.4,96.8,21.0,35.7
89.6,24.4,14.1,54.4,98.8
15.4,19.9,22.4,67.3,13.7
64.1,34.3,98.7,3.0,35.7
89.6,5.1,93.8,40.8,99.4
44.8,62.7,28.9,40.8,56.1
89.6,62.7,43.5,81.7,27.0
82.0,40.1,96.8,97.9,76.2
73.3,99.6,7.8,61.2,76.2
15.4,81.9,47.2,10.3,56.1
54.4,62.7,66.4,21.0,9.2
89.6,89.2,92.1,21.0,5.5
3.0,3.6,95.4,96.4,76.2
44.8,34.3,28.9,40.8,66.4
15.4,97.6,16.6,54.4,66.4
35.9,19.9,79.4,95.3,97.5
28.0,12.5,76.3,47.9,94.1
64.1,77.6,59.0,14.9,89.9
73.3,34.3,43.5,94.1,83.9
73.3,51.2,90.0,47.9,56.1
89.6,85.8,96.8,6.1,27.0
44.8,2.4,36.2,90.6,66.4
73.3,73.3,92.1,21.0,83.9
54.4,68.2,14.1,72.9,56.1
28.0,81.9,47.2,33.9,19.8
54.4,29.3,97.8,54.4,97.5
96.3,51.2,51.3,95.3,66.4
73.3,62.7,55.2,40.8,56.1
35.9,19.9,99.9,14.9,76.2
99.4,3.6,43.5,14.9,99.7
35.9,73.3,16.6,98.4,76.2
89.6,97.6,55.2,14.9,94.1
96.3,91.9,87.5,14.9,27.0
21.1,12.5,84.9,21.0,27.0
44.8,45.5,25.4,90.6,97.5
54.4,73.3,82.3,47.9,56.1
21.1,12.5,84.9,85.4,19.8
99.9,19.9,55.2,3.0,9.2
35.9,40.1,93.8,47.9,13.7
64.1,68.2,47.2,40.8,45.6
21.1,15.9,69.8,47.9,35.7
7.2,15.9,93.8,27.3,66.4
64.1,77.6,73.1,33.9,27.0
44.8,51.2,36.2,40.8,19.8
10.6,91.9,6.2,97.3,94.1
98.6,68.2,39.6,47.9,76.2
64.1,40.1,9.6,14.9,35.7
64.1,15.9,96.8,6.1,35.7
89.6,68.2,95.4,6.1,35.7
10.6,51.2,32.4,81.7,97.5
73.3,89.2,55.2,33.9,66.4
96.3,91.9,90.0,21.0,66.4
82.0,5.1,2.5,40.8,89.9
82.0,56.9,90.0,33.9,56.1
54.4,5.1,84.9,40.8,35.7
54.4,85.8,43.5,47.9,5.5
21.1,5.1,55.2,21.0,83.9
54.4,40.1,25.4,72.9,76.2
54.4,56.9,55.2,10.3,97.5
54.4,29.3,7.8,61.2,0.9
82.0,62.7,84.9,3.0,5.5
21.1,73.3,11.9,92.6,89.9
82.0,24.4,25.4,33.9,56.1
21.1,12.5,32.4,90.6,66.4
96.3,94.4,97.8,10.3,9.2
44.8,94.4,25.4,92.6,3.4
82.0,56.9,25.4,77.6,45.6
64.1,29.3,32.4,40.8,97.5
89.6,73.3,62.6,67.3,66.4
64.1,68.2,51.3,54.4,66.4
44.8,12.5,32.4,67.3,5.5
82.0,73.3,73.1,54.4,27.0
89.6,3.6,82.3,97.9,76.2
44.8,40.1,11.9,97.3,89.9
96.3,24.4,97.8,27.3,35.7
64.1,29.3,14.1,61.2,94.1
89.6,19.9,28.9,77.6,94.1
54.4,81.9,87.5,61.2,45.6
28.0,34.3,39.6,67.3,9.2
64.1,24.4,14.1,97.3,56.1
15.4,68.2,22.4,67.3,66.4
10.6,5.1,59.0,47.9,83.9
21.1,15.9,62.6,33.9,76.2
54.4,85.8,73.1,47.9,13.7
28.0,40.1,6.2,98.4,45.6
44.8,15.9,19.3,72.9,27.0
28.0,3.6,92.1,61.2,13.7
10.6,34.3,14.1,85.4,83.9
28.0,56.9,69.8,40.8,27.0
15.4,81.9,92.1,33.9,27.0
64.1,29.3,3.4,67.3,19.8
7.2,56.9,47.2,47.9,27.0
21.1,12.5,0.9,95.3,83.9
10.6,12.5,47.2,77.6,35.7
99.4,56.9,99.4,10.3,98.8
15.4,77.6,9.6,77.6,97.5
54.4,85.8,69.8,21.0,9.2
15.4,81.9,16.6,85.4,66.4
7.2,56.9,39.6,90.6,27.0
10.6,77.6,93.8,10.3,27.0
82.0,99.9,16.6,99.1,56.1
21.1,81.9,14.1,98.4,45.6
54.4,12.5,59.0,33.9,56.1
54.4,56.9,19.3,88.3,35.7
3.0,34.3,32.4,61.2,13.7
35.9,85.8,87.5,27.3,35.7
7.2,56.9,16.6,47.9,27.0
89.6,91.9,39.6,27.3,66.4
73.3,68.2,82.3,40.8,66.4
64.1,85.8,76.3,27.3,83.9
3.0,40.1,28.9,94.1,66.4
64.1,3.6,96.8,33.9,94.1
54.4,51.2,93.8,21.0,45.6
35.9,29.3,73.1,90.6,66.4
44.8,68.2,79.4,47.9,27.0
35.9,40.1,28.9,54.4,56.1
10.6,77.6,47.2,88.3,56.1
89.6,51.2,51.3,33.9,83.9
73.3,12.5,82.3,96.4,1.9
15.4,29.3,14.1,54.4,76.2
44.8,24.4,19.3,90.6,27.0
54.4,56.9,16.6,61.2,13.7
64.1,9.5,11.9,96.4,89.9
96.3,45.5,7.8,94.1,99.9
7.2,34.3,39.6,47.9,66.4
89.6,15.9,66.4,3.0,76.2
3.0,0.2,2.5,99.8,45.6
73.3,34.3,59.0,14.9,76.2
35.9,34.3,25.4,72.9,35.7
4.6,73.3,36.2,94.1,94.1
35.9,73.3,11.9,88.3,19.8
89.6,7.2,16.6,61.2,83.9
98.6,40.1,79.4,10.3,1.9
35.9,15.9,32.4,54.4,89.9
4.6,24.4,9.6,72.9,56.1
44.8,15.9,47.2,61.2,89.9
35.9,0.6,90.0,40.8,94.1
73.3,97.6,79.4,54.4,83.9
54.4,40.1,2.5,95.3,9.2
64.1,89.2,32.4,77.6,76.2
64.1,68.2,51.3,72.9,45.6
64.1,34.3,59.0,47.9,35.7
73.3,40.1,4.9,10.3,83.9
15.4,19.9,51.3,77.6,45.6
73.3,89.2,51.3,81.7,5.5
44.8,97.6,92.1,67.3,83.9
44.8,19.9,43.5,10.3,83.9
44.8,24.4,19.3,88.3,45.6
82.0,62.7,2.5,77.6,45.6
64.1,24.4,43.5,77.6,66.4
96.3,68.2,22.4,33.9,76.2
89.6,85.8,84.9,33.9,56.1
96.3,81.9,25.4,21.0,56.1
35.9,85.8,47.2,54.4,35.7
73.3,98.6,47.2,33.9,56.1
54.4,89.2,92.1,33.9,76.2
28.0,62.7,59.0,92.6,35.7
0.2,9.5,2.5,81.7,94.1
15.4,34.3,95.4,67.3,76.2
89.6,62.7,25.4,61.2,66.4
1.2,40.1,0.9,77.6,98.8
28.0,45.5,3.4,85.4,76.2
35.9,15.9,90.0,54.4,89.9
96.3,99.6,90.0,14.9,35.7
82.0,51.2,2.5,21.0,27.0
35.9,12.5,84.9,40.8,56.1
28.0,7.2,47.2,81.7,9.2
64.1,91.9,79.4,27.3,45.6
89.6,81.9,98.7,21.0,76.2
64.1,73.3,73.1,40.8,27.0
7.2,81.9,55.2,33.9,45.6
54.4,81.9,6.2,72.9,9.2
89.6,68.2,14.1,47.9,45.6
10.6,51.2,62.6,85.4,45.6
28.0,89.2,73.1,47.9,66.4
54.4,62.7,96.8,47.9,97.5
10.6,62.7,90.0,72.9,19.8
64.1,68.2,87.5,33.9,35.7
3.0,9.5,84.9,72.9,89.9
0.0,7.2,92.1,47.9,45.6
21.1,12.5,76.3,61.2,27.0
3.0,81.9,39.6,54.4,76.2
1.2,34.3,82.3,96.4,76.2
7.2,62.7,76.3,85.4,56.1
7.2,62.7,66.4,72.9,76.2
96.3,99.6,98.7,21.0,9.2
7.2,40.1,99.4,81.7,13.7
44.8,89.2,96.8,33.9,76.2
15.4,29.3,32.4,47.9,56.1
96.3,94.4,93.8,47.9,3.4
0.4,81.9,4.9,85.4,45.6
10.6,2.4,99.4,10.3,19.8
7.2,40.1,84.9,61.2,94.1
73.3,81.9,16.6,98.4,27.0
35.9,85.8,82.3,61.2,56.1
96.3,99.6,99.9,3.0,9.2
96.3,62.7,51.3,72.9,76.2
44.8,45.5,36.2,47.9,13.7
82.0,91.9,95.4,6.1,3.4
64.1,77.6,32.4,14.9,56.1
82.0,96.4,69.8,3.0,5.5
89.6,9.5,96.8,27.3,45.6
3.0,15.9,76.3,85.4,9.2
64.1,40.1,82.3,67.3,27.0
10.6,45.5,90.0,77.6,0.3
54.4,94.4,19.3,27.3,27.0
3.0,77.6,11.9,94.1,13.7
21.1,68.2,43.5,81.7,27.0
96.3,9.5,95.4,27.3,27.0
64.1,77.6,4.9,72.9,97.5
96.3,19.9,98.7,14.9,83.9
54.4,68.2,43.5,61.2,35.7
54.4,62.7,51.3,33.9,45.6
28.0,51.2,73.1,54.4,27.0
21.1,77.6,55.2,67.3,56.1
21.1,73.3,73.1,27.3,13.7
21.1,68.2,84.9,81.7,27.0
96.3,81.9,62.6,33.9,97.5
44.8,81.9,55.2,54.4,27.0
21.1,40.1,59.0,88.3,98.8
73.3,81.9,32.4,3.0,94.1
35.9,40.1,73.1,81.7,76.2
4.6,45.5,76.3,47.9,94.1
28.0,73.3,47.2,85.4,56.1
35.9,3.6,4.9,85.4,35.7
10.6,45.5,19.3,77.6,83.9
64.1,56.9,39.6,61.2,76.2
4.6,56.9,43.5,94.1,94.1
73.3,45.5,99.4,54.4,5.5
64.1,29.3,4.9,40.8,89.9
7.2,12.5,25.4,61.2,83.9
89.6,5.1,14.1,81.7,27.0
10.6,24.4,25.4,92.6,35.7
82.0,12.5,95.4,72.9,56.1
89.6,12.5,0.9,99.4,97.5
98.6,51.2,3.4,61.2,66.4
54.4,34.3,47.2,97.9,83.9
28.0,77.6,55.2,33.9,76.2
28.0,77.6,19.3,72.9,76.2
73.3,73.3,36.2,81.7,94.1
35.9,34.3,39.6,14.9,76.2
73.3,9.5,4.9,94.1,35.7
7.2,68.2,59.0,77.6,94.1
89.6,45.5,59.0,14.9,89.9
15.4,7.2,90.0,33.9,19.8
7.2,73.3,84.9,67.3,45.6
82.0,62.7,82.3,85.4,27.0
96.3,24.4,6.2,54.4,9.2
15.4,68.2,47.2,72.9,3.4
96.3,73.3,0.9,97.3,94.1
35.9,34.3,76.3,72.9,9.2
96.3,40.1,66.4,3.0,19.8
89.6,19.9,22.4,90.6,76.2
35.9,89.2,95.4,61.2,76.2
73.3,7.2,28.9,61.2,66.4
3.0,91.9,96.8,33.9,76.2
54.4,56.9,19.3,77.6,94.1
54.4,77.6,69.8,67.3,3.4
89.6,19.9,25.4,40.8,83.9
89.6,45.5,69.8,27.3,27.0
35.9,85.8,9.6,99.8,89.9
98.6,68.2,47.2,14.9,35.7
44.8,73.3,92.1,27.3,56.1
96.3,24.4,62.6,72.9,19.8
21.1,12.5,25.4,85.4,56.1
54.4,85.8,25.4,21.0,76.2
99.4,3.6,79.4,33.9,13.7
28.0,89.2,32.4,61.2,45.6
44.8,9.5,4.9,27.3,89.9
4.6,19.9,39.6,85.4,83.9
73.3,29.3,7.8,33.9,66.4
21.1,56.9,32.4,54.4,56.1
44.8,24.4,19.3,88.3,94.1
21.1,77.6,39.6,61.2,13.7
89.6,85.8,47.2,14.9,83.9
44.8,24.4,3.4,54.4,27.0
64.1,40.1,76.3,40.8,98.8
54.4,62.7,32.4,77.6,56.1
28.0,85.8,32.4,92.6,0.9
82.0,62.7,76.3,6.1,76.2
35.9,62.7,22.4,33.9,66.4
15.4,62.7,43.5,67.3,27.0
96.3,56.9,39.6,85.4,45.6
73.3,40.1,96.8,14.9,66.4
73.3,45.5,25.4,27.3,94.1
82.0,19.9,28.9,10.3,13.7
73.3,56.9,43.5,21.0,89.9
54.4,62.7,66.4,40.8,83.9
73.3,77.6,62.6,61.2,56.1
7.2,62.7,79.4,40.8,97.5
54.4,77.6,43.5,54.4,35.7
82.0,94.4,32.4,40.8,76.2
15.4,29.3,90.0,14.9,27.0
35.9,19.9,19.3,67.3,94.1
15.4,94.4,51.3,88.3,83.9
28.0,77.6,84.9,98.4,45.6
54.4,29.3,43.5,47.9,76.2
35.9,68.2,79.4,61.2,45.6
1.8,45.5,9.6,99.1,5.5
73.3,40.1,28.9,33.9,45.6
15.4,68.2,9.6,88.3,83.9
35.9,29.3,90.0,77.6,13.7
10.6,45.5,7.8,92.6,45.6
15.4,85.8,1.5,92.6,66.4
3.0,62.7,55.2,72.9,66.4
54.4,7.2,16.6,47.9,27.0
98.6,29.3,16.6,47.9,9.2
3.0,68.2,16.6,88.3,89.9
44.8,34.3,79.4,21.0,3.4
73.3,62.7,92.1,61.2,98.8
96.3,81.9,7.8,27.3,56.1
73.3,7.2,55.2,72.9,97.5
64.1,91.9,19.3,67.3,76.2
96.3,97.6,43.5,40.8,76.2
64.1,51.2,47.2,40.8,27.0
35.9,51.2,28.9,88.3,83.9
35.9,89.2,25.4,47.9,97.5
7.2,73.3,39.6,85.4,56.1
44.8,34.3,28.9,77.6,66.4
44.8,45.5,25.4,94.1,94.1
89.6,12.5,97.8,10.3,76.2
96.3,40.1,6.2,61.2,97.5
64.1,68.2,51.3,92.6,0.3
44.8,85.8,79.4,61.2,56.1
44.8,68.2,3.4,85.4,27.0
35.9,40.1,87.5,54.4,56.1
89.6,62.7,87.5,40.8,56.1
89.6,40.1,73.1,40.8,45.6
54.4,68.2,22.4,97.9,83.9
21.1,29.3,79.4,27.3,35.7
73.3,56.9,47.2,90.6,98.8
89.6,45.5,98.7,6.1,66.4
73.3,40.1,14.1,96.4,89.9
64.1,34.3,51.3,81.7,19.8
44.8,68.2,82.3,47.9,35.7
64.1,7.2,22.4,88.3,35.7
73.3,51.2,66.4,33.9,83.9
82.0,68.2,73.1,40.8,19.8
54.4,51.2,43.5,88.3,9.2
10.6,15.9,73.1,88.3,19.8
54.4,24.4,90.0,61.2,5.5
82.0,98.6,32.4,81.7,83.9
21.1,29.3,14.1,85.4,13.7
96.3,81.9,93.8,21.0,94.1
64.1,51.2,39.6,81.7,56.1
15.4,40.1,36.2,72.9,83.9
96.3,97.6,22.4,40.8,9.2
89.6,85.8,79.4,6.1,66.4
73.3,45.5,59.0,92.6,27.0
96.3,45.5,59.0,88.3,66.4
73.3,85.8,43.5,92.6,83.9
99.9,99.6,96.8,3.0,0.0
21.1,45.5,16.6,88.3,35.7
10.6,97.6,7.8,99.6,9.2
73.3,24.4,25.4,67.3,35.7
35.9,85.8,82.3,47.9,56.1
28.0,5.1,39.6,77.6,94.1
96.3,81.9,73.1,85.4,56.1
73.3,77.6,11.9,10.3,66.4
21.1,96.4,69.8,72.9,45.6
7.2,24.4,43.5,85.4,66.4
89.6,68.2,32.4,27.3,83.9
7.2,34.3,51.3,90.6,45.6
89.6,68.2,90.0,61.2,35.7
73.3,56.9,28.9,97.3,66.4
82.0,73.3,62.6,61.2,83.9
1.2,81.9,19.3,98.4,76.2
10.6,96.4,47.2,21.0,66.4
99.4,91.9,43.5,27.3,76.2
64.1,94.4,69.8,85.4,35.7
73.3,34.3,39.6,88.3,45.6
3.0,9.5,4.9,47.9,83.9
82.0,85.8,82.3,54.4,45.6
44.8,45.5,84.9,10.3,76.2
44.8,68.2,22.4,47.9,19.8
15.4,40.1,28.9,33.9,76.2
7.2,40.1,51.3,88.3,35.7
21.1,62.7,55.2,77.6,66.4
35.9,12.5,7.8,54.4,35.7
15.4,2.4,9.6,85.4,66.4
96.3,34.3,43.5,6.1,97.5
96.3,99.6,79.4,3.0,1.9
89.6,94.4,95.4,14.9,35.7
28.0,97.6,73.1,72.9,35.7
44.8,29.3,2.5,94.1,35.7
64.1,34.3,19.3,88.3,76.2
28.0,40.1,14.1,47.9,89.9
64.1,0.6,99.9,61.2,45.6
44.8,19.9,32.4,77.6,83.9
89.6,45.5,6.2,97.9,66.4
4.6,56.9,16.6,88.3,56.1
54.4,96.4,25.4,81.7,45.6
82.0,89.2,79.4,40.8,56.1
96.3,89.2,32.4,3.0,89.9
73.3,29.3,11.9,47.9,56.1
89.6,51.2,96.8,10.3,27.0
44.8,24.4,22.4,47.9,76.2
64.1,89.2,55.2,27.3,56.1
64.1,45.5,28.9,33.9,56.1
35.9,9.5,79.4,67.3,3.4
54.4,2.4,25.4,61.2,89.9
89.6,98.6,39.6,21.0,56.1
64.1,68.2,32.4,27.3,35.7
54.4,40.1,51.3,77.6,35.7
44.8,29.3,3.4,99.1,35.7
54.4,34.3,73.1,33.9,56.1
54.4,29.3,51.3,81.7,76.2
54.4,77.6,28.9,85.4,45.6
4.6,51.2,6.2,97.3,76.2
35.9,29.3,95.4,21.0,76.2
82.0,94.4,47.2,61.2,66.4
73.3,24.4,36.2,27.3,9.2
73.3,40.1,69.8,33.9,45.6
44.8,3.6,43.5,72.9,83.9
82.0,99.6,22.4,54.4,56.1
73.3,97.6,92.1,3.0,13.7
64.1,85.8,11.9,97.3,35.7
21.1,85.8,51.3,72.9,35.7
28.0,40.1,11.9,47.9,76.2
96.3,56.9,51.3,33.9,45.6
10.6,85.8,51.3,47.9,89.9
89.6,7.2,97.8,6.1,56.1
54.4,29.3,79.4,67.3,97.5
98.6,99.6,2.5,85.4,5.5
73.3,40.1,51.3,61.2,56.1
44.8,40.1,39.6,14.9,83.9
35.9,81.9,36.2,33.9,94.1
82.0,51.2,2.5,77.6,89.9
64.1,62.7,28.9,54.4,35.7
96.3,77.6,69.8,54.4,66.4
96.3,99.9,36.2,21.0,45.6
82.0,19.9,39.6,85.4,83.9
54.4,24.4,19.3,54.4,45.6
98.6,56.9,62.6,94.1,1.9
54.4,77.6,39.6,94.1,35.7
73.3,62.7,11.9,77.6,83.9
21.1,5.1,1.5,94.1,89.9
73.3,15.9,59.0,92.6,76.2
64.1,29.3,47.2,33.9,76.2
96.3,29.3,14.1,21.0,13.7
21.1,15.9,16.6,72.9,89.9
10.6,15.9,11.9,72.9,94.1
96.3,77.6,9.6,27.3,45.6
96.3,99.6,19.3,99.1,27.0
99.7,98.6,99.9,21.0,3.4
89.6,40.1,25.4,96.4,5.5
64.1,15.9,36.2,27.3,83.9
21.1,62.7,19.3,97.3,19.8
64.1,81.9,32.4,40.8,19.8
64.1,19.9,16.6,77.6,3.4
64.1,89.2,3.4,47.9,76.2
7.2,12.5,6.2,47.9,35.7
82.0,77.6,43.5,67.3,35.7
28.0,2.4,66.4,47.9,9.2
82.0,97.6,43.5,72.9,76.2
99.4,91.9,95.4,14.9,45.6
73.3,73.3,84.9,95.3,9.2
15.4,40.1,0.9,92.6,94.1
96.3,0.2,99.9,14.9,76.2
4.6,24.4,62.6,47.9,83.9
64.1,68.2,51.3,40.8,13.7
64.1,19.9,97.8,54.4,27.0
96.3,51.2,9.6,27.3,45.6
89.6,7.2,6.2,88.3,56.1
73.3,73.3,43.5,47.9,9.2
10.6,40.1,0.9,90.6,83.9
54.4,9.5,0.9,33.9,89.9
10.6,29.3,36.2,72.9,94.1
64.1,91.9,32.4,40.8,56.1
21.1,77.6,66.4,61.2,56.1
73.3,24.4,66.4,61.2,27.0
54.4,24.4,39.6,61.2,76.2
54.4,19.9,2.5,61.2,66.4
96.3,3.6,87.5,81.7,76.2
54.4,62.7,79.4,54.4,13.7
54.4,29.3,66.4,33.9,76.2
96.3,3.6,97.8,27.3,94.1
4.6,9.5,32.4,72.9,56.1
96.3,62.7,90.0,10.3,45.6
96.3,29.3,90.0,61.2,9.2
44.8,51.2,62.6,47.9,56.1
54.4,34.3,66.4,33.9,27.0
54.4,34.3,96.8,40.8,35.7
44.8,15.9,84.9,85.4,76.2
82.0,68.2,32.4,77.6,97.5
21.1,19.9,96.8,21.0,19.8
96.3,89.2,43.5,27.3,9.2
99.4,77.6,51.3,81.7,45.6
28.0,81.9,39.6,81.7,5.5
89.6,12.5,84.9,47.9,89.9
73.3,24.4,3.4,88.3,45.6
82.0,62.7,69.8,47.9,83.9
7.2,5.1,76.3,54.4,27.0
21.1,45.5,11.9,81.7,56.1
4.6,89.2,43.5,67.3,83.9
73.3,15.9,87.5,21.0,97.5
82.0,24.4,59.0,54.4,45.6
64.1,40.1,4.9,33.9,83.9
21.1,12.5,32.4,72.9,56.1
10.6,91.9,90.0,14.9,35.7
54.4,34.3,16.6,21.0,27.0
96.3,73.3,51.3,72.9,3.4
21.1,12.5,51.3,67.3,35.7
54.4,15.9,32.4,47.9,83.9
89.6,94.4,3.4,98.4,13.7
73.3,34.3,69.8,21.0,27.0
21.1,56.9,36.2,47.9,89.9
3.0,56.9,9.6,99.4,56.1
89.6,34.3,55.2,81.7,89.9
73.3,51.2,98.7,40.8,1.9
73.3,3.6,16.6,72.9,56.1
54.4,91.9,69.8,47.9,9.2
1.8,34.3,2.5,94.1,94.1
28.0,73.3,9.6,85.4,76.2
73.3,91.9,47.2,21.0,45.6
21.1,15.9,25.4,88.3,45.6
89.6,68.2,66.4,47.9,66.4
35.9,56.9,59.0,67.3,66.4
82.0,29.3,22.4,27.3,89.9
98.6,99.6,0.9,88.3,27.0
82.0,3.6,43.5,14.9,66.4
64.1,94.4,32.4,27.3,19.8
35.9,7.2,32.4,77.6,56.1
35.9,24.4,39.6,72.9,99.9
89.6,62.7,59.0,10.3,9.2
96.3,19.9,90.0,6.1,27.0
73.3,96.4,93.8,3.0,3.4
73.3,85.8,73.1,77.6,13.7
35.9,68.2,11.9,85.4,76.2
89.6,68.2,90.0,14.9,19.8
73.3,68.2,79.4,94.1,94.1
99.4,0.6,22.4,85.4,76.2
54.4,51.2,76.3,47.9,35.7
54.4,24.4,51.3,21.0,56.1
64.1,45.5,28.9,85.4,45.6
82.0,56.9,32.4,88.3,83.9
10.6,56.9,76.3,61.2,89.9
89.6,96.4,84.9,10.3,66.4
73.3,62.7,55.2,96.4,97.5
96.3,40.1,96.8,27.3,19.8
4.6,7.2,11.9,98.8,99.4
89.6,56.9,28.9,40.8,45.6
73.3,3.6,62.6,67.3,13.7
3.0,45.5,32.4,81.7,13.7
89.6,68.2,0.9,61.2,83.9
82.0,99.8,92.1,77.6,13.7
44.8,40.1,19.3,77.6,94.1
35.9,56.9,22.4,47.9,45.6
15.4,29.3,25.4,61.2,94.1
73.3,19.9,36.2,54.4,5.5
73.3,56.9,66.4,77.6,76.2
10.6,73.3,36.2,67.3,9.2
82.0,12.5,93.8,3.0,27.0
44.8,56.9,32.4,40.8,56.1
54.4,73.3,9.6,40.8,56.1
15.4,45.5,4.9,40.8,45.6
44.8,94.4,39.6,40.8,66.4
82.0,94.4,66.4,67.3,56.1
73.3,91.9,66.4,27.3,45.6
89.6,19.9,36.2,40.8,56.1
4.6,34.3,51.3,90.6,35.7
28.0,40.1,7.8,97.3,97.5
64.1,68.2,82.3,54.4,13.7
21.1,7.2,19.3,47.9,89.9
1.2,24.4,79.4,90.6,56.1
82.0,89.2,47.2,33.9,27.0
10.6,91.9,6.2,77.6,19.8
35.9,51.2,32.4,40.8,27.0
99.7,19.9,87.5,85.4,35.7
28.0,7.2,82.3,67.3,83.9
54.4,68.2,19.3,27.3,13.7
54.4,15.9,84.9,10.3,66.4
28.0,12.5,28.9,81.7,56.1
73.3,15.9,39.6,81.7,83.9
82.0,12.5,28.9,21.0,27.0
7.2,89.2,73.1,33.9,35.7
44.8,51.2,66.4,77.6,45.6
98.6,91.9,28.9,54.4,94.1
28.0,40.1,93.8,54.4,76.2
28.0,19.9,22.4,81.7,45.6
3.0,77.6,39.6,54.4,56.1
7.2,40.1,36.2,99.6,76.2
44.8,9.5,36.2,67.3,56.1
96.3,94.4,51.3,3.0,76.2
3.0,73.3,43.5,27.3,56.1
7.2,29.3,28.9,14.9,76.2
96.3,34.3,25.4,27.3,1.9
35.9,51.2,28.9,61.2,76.2
1.2,19.9,0.9,47.9,35.7
10.6,24.4,90.0,27.3,56.1
89.6,62.7,16.6,99.8,35.7
64.1,62.7,55.2,33.9,1.9
64.1,62.7,43.5,54.4,35.7
35.9,12.5,73.1,72.9,35.7
28.0,81.9,19.3,90.6,66.4
54.4,96.4,43.5,27.3,45.6
73.3,15.9,79.4,61.2,45.6
89.6,77.6,82.3,67.3,35.7
82.0,99.6,73.1,3.0,89.9
15.4,77.6,11.9,72.9,27.0
15.4,51.2,25.4,95.3,66.4
64.1,85.8,32.4,47.9,76.2
82.0,29.3,87.5,72.9,89.9
82.0,73.3,4.9,92.6,5.5
10.6,24.4,11.9,67.3,94.1
35.9,34.3,32.4,54.4,83.9
96.3,62.7,39.6,27.3,76.2
7.2,40.1,14.1,77.6,9.2
10.6,15.9,55.2,47.9,83.9
15.4,2.4,6.2,33.9,13.7
15.4,34.3,32.4,67.3,35.7
35.9,96.4,28.9,92.6,76.2
28.0,56.9,36.2,33.9,97.5
35.9,97.6,98.7,10.3,13.7
96.3,24.4,84.9,14.9,45.6
7.2,1.6,55.2,33.9,35.7
44.8,29.3,90.0,47.9,83.9
64.1,29.3,51.3,77.6,27.0
73.3,7.2,96.8,10.3,66.4
96.3,81.9,7.8,98.8,56.1
73.3,73.3,59.0,40.8,19.8
35.9,73.3,76.3,47.9,45.6
28.0,91.9,36.2,67.3,13.7
82.0,7.2,16.6,96.4,76.2
54.4,3.6,69.8,47.9,56.1
96.3,77.6,62.6,92.6,76.2
54.4,68.2,97.8,3.0,19.8
64.1,77.6,39.6,27.3,13.7
44.8,81.9,79.4,47.9,13.7
21.1,34.3,22.4,67.3,66.4
54.4,15.9,1.5,97.9,83.9
21.1,19.9,55.2,81.7,45.6
28.0,51.2,84.9,33.9,66.4
21.1,68.2,0.9,54.4,99.4
96.3,62.7,79.4,21.0,66.4
64.1,56.9,66.4,47.9,35.7
10.6,40.1,22.4,21.0,76.2
82.0,34.3,59.0,61.2,35.7
54.4,62.7,51.3,85.4,83.9
54.4,56.9,47.2,67.3,56.1
35.9,68.2,16.6,40.8,76.2
35.9,40.1,39.6,27.3,45.6
64.1,29.3,55.2,33.9,94.1
89.6,77.6,79.4,33.9,66.4
54.4,29.3,92.1,77.6,97.5
89.6,9.5,9.6,85.4,83.9
82.0,73.3,79.4,61.2,27.0
96.3,3.6,59.0,54.4,94.1
15.4,24.4,39.6,81.7,56.1
98.6,45.5,82.3,27.3,83.9
73.3,29.3,98.7,3.0,56.1
89.6,62.7,47.2,77.6,89.9
44.8,89.2,39.6,40.8,83.9
64.1,77.6,4.9,67.3,56.1
54.4,73.3,39.6,85.4,35.7
73.3,89.2,28.9,81.7,56.1
3.0,19.9,32.4,88.3,66.4
73.3,51.2,69.8,67.3,45.6
89.6,89.2,73.1,21.0,19.8
44.8,89.2,76.3,40.8,5.5
54.4,68.2,39.6,61.2,27.0
73.3,34.3,36.2,81.7,56.1
98.6,98.6,76.3,47.9,45.6
7.2,40.1,51.3,88.3,35.7
73.3,62.7,6.2,67.3,89.9
89.6,3.6,39.6,90.6,83.9
89.6,19.9,96.8,54.4,94.1
89.6,7.2,90.0,33.9,94.1
54.4,45.5,43.5,61.2,83.9
35.9,97.6,14.1,10.3,83.9
64.1,73.3,69.8,21.0,45.6
64.1,68.2,1.5,97.9,56.1
15.4,56.9,22.4,72.9,35.7
28.0,98.6,51.3,54.4,76.2
64.1,62.7,90.0,54.4,45.6
99.4,7.2,22.4,3.0,13.7
73.3,73.3,9.6,72.9,56.1
96.3,40.1,9.6,77.6,56.1
96.3,5.1,14.1,27.3,83.9
10.6,81.9,62.6,6.1,13.7
28.0,34.3,9.6,27.3,19.8
82.0,68.2,47.2,85.4,56.1
73.3,40.1,47.2,33.9,66.4
89.6,45.5,51.3,27.3,56.1
15.4,62.7,25.4,77.6,94.1
73.3,15.9,43.5,81.7,35.7
73.3,34.3,47.2,77.6,27.0
89.6,34.3,1.5,72.9,13.7
54.4,73.3,11.9,47.9,99.7
44.8,81.9,87.5,6.1,27.0
44.8,51.2,73.1,98.8,19.8
96.3,77.6,98.7,47.9,0.9
98.6,7.2,82.3,67.3,83.9
15.4,89.2,79.4,40.8,13.7
35.9,19.9,84.9,61.2,45.6
35.9,7.2,19.3,61.2,89.9
82.0,29.3,79.4,27.3,83.9
54.4,73.3,43.5,67.3,83.9
10.6,85.8,66.4,47.9,76.2
44.8,29.3,28.9,81.7,97.5
28.0,85.8,66.4,96.4,83.9
89.6,62.7,99.4,33.9,35.7
64.1,40.1,55.2,77.6,56.1
89.6,24.4,55.2,40.8,66.4
96.3,94.4,82.3,27.3,45.6
73.3,40.1,39.6,88.3,56.1
44.8,81.9,55.2,81.7,56.1
96.3,98.6,28.9,94.1,97.5
15.4,15.9,4.9,90.6,66.4
89.6,89.2,87.5,6.1,19.8
44.8,51.2,87.5,88.3,89.9
73.3,51.2,73.1,33.9,9.2
64.1,29.3,62.6,47.9,27.0
44.8,56.9,28.9,85.4,83.9
21.1,81.9,79.4,47.9,5.5
96.3,62.7,73.1,0.2,56.1
21.1,29.3,2.5,92.6,76.2
64.1,45.5,28.9,61.2,56.1
44.8,68.2,4.9,40.8,45.6
21.1,5.1,7.8,54.4,89.9
21.1,29.3,76.3,21.0,89.9
96.3,24.4,55.2,67.3,83.9
96.3,62.7,92.1,54.4,13.7
64.1,29.3,36.2,85.4,9.2
89.6,7.2,28.9,33.9,66.4
96.3,68.2,84.9,72.9,97.5
28.0,68.2,90.0,47.9,56.1
96.3,62.7,4.9,99.4,76.2
54.4,73.3,32.4,61.2,19.8
96.3,99.6,6.2,27.3,94.1
64.1,51.2,36.2,47.9,19.8
73.3,73.3,82.3,54.4,56.1
73.3,56.9,28.9,61.2,66.4
73.3,51.2,99.4,6.1,9.2
96.3,91.9,62.6,40.8,5.5
96.3,91.9,93.8,10.3,94.1
82.0,19.9,6.2,54.4,98.8
64.1,45.5,79.4,6.1,9.2
82.0,73.3,73.1,54.4,13.7
82.0,73.3,76.3,40.8,76.2
96.3,77.6,62.6,3.0,9.2
35.9,89.2,66.4,54.4,83.9
21.1,81.9,76.3,6.1,19.8
44.8,34.3,62.6,47.9,83.9
21.1,7.2,11.9,90.6,35.7
89.6,62.7,51.3,33.9,27.0
15.4,34.3,1.5,77.6,76.2
73.3,73.3,11.9,27.3,13.7
44.8,73.3,73.1,3.0,83.9
73.3,94.4,87.5,14.9,89.9
82.0,62.7,87.5,97.9,13.7
99.4,85.8,97.8,27.3,83.9
73.3,15.9,47.2,72.9,27.0
64.1,3.6,66.4,97.3,94.1
28.0,19.9,6.2,85.4,35.7
73.3,91.9,25.4,54.4,83.9
64.1,51.2,47.2,54.4,76.2
15.4,68.2,59.0,61.2,27.0
64.1,40.1,43.5,6.1,76.2
21.1,45.5,9.6,27.3,76.2
35.9,40.1,66.4,67.3,66.4
82.0,73.3,2.5,77.6,66.4
35.9,89.2,19.3,47.9,27.0
98.6,34.3,69.8,33.9,76.2
21.1,15.9,25.4,47.9,56.1
44.8,40.1,36.2,54.4,19.8
35.9,85.8,47.2,67.3,66.4
15.4,68.2,36.2,90.6,45.6
82.0,51.2,55.2,27.3,83.9
73.3,94.4,76.3,21.0,27.0
73.3,62.7,14.1,27.3,27.0
96.3,12.5,43.5,40.8,66.4
4.6,85.8,66.4,72.9,76.2
44.8,62.7,73.1,14.9,89.9
4.6,40.1,28.9,81.7,89.9
44.8,56.9,87.5,61.2,56.1
82.0,34.3,73.1,72.9,56.1
64.1,81.9,69.8,67.3,5.5
82.0,12.5,47.2,3.0,3.4
96.3,85.8,22.4,95.3,35.7
15.4,56.9,43.5,67.3,66.4
82.0,0.6,7.8,47.9,19.8
1.2,89.2,55.2,47.9,83.9
96.3,96.4,32.4,67.3,13.7
64.1,12.5,87.5,47.9,9.2
44.8,51.2,55.2,47.9,35.7
96.3,98.6,82.3,3.0,66.4
73.3,81.9,32.4,27.3,94.1
44.8,0.9,59.0,61.2,98.8
28.0,29.3,76.3,61.2,45.6
28.0,56.9,55.2,81.7,66.4
15.4,91.9,28.9,85.4,89.9
28.0,99.6,98.7,81.7,1.9
35.9,40.1,19.3,33.9,27.0
82.0,51.2,28.9,54.4,66.4
1.8,77.6,69.8,33.9,66.4
28.0,29.3,28.9,85.4,76.2
99.7,91.9,93.8,21.0,83.9
96.3,99.6,90.0,21.0,99.9
7.2,24.4,59.0,81.7,56.1
4.6,73.3,4.9,40.8,98.8
89.6,51.2,43.5,61.2,89.9
28.0,77.6,32.4,88.3,35.7
73.3,56.9,51.3,85.4,83.9
28.0,56.9,55.2,88.3,27.0
82.0,34.3,39.6,54.4,66.4
15.4,56.9,55.2,81.7,83.9
21.1,81.9,93.8,61.2,9.2
89.6,62.7,96.8,27.3,56.1
35.9,40.1,51.3,72.9,66.4
35.9,40.1,59.0,61.2,76.2
64.1,15.9,1.5,90.6,97.5
7.2,19.9,28.9,40.8,83.9
89.6,51.2,3.4,85.4,94.1
96.3,99.6,98.7,3.0,35.7
98.6,85.8,87.5,33.9,5.5
28.0,62.7,2.5,90.6,35.7
82.0,40.1,0.9,72.9,76.2
96.3,94.4,73.1,10.3,3.4
21.1,68.2,39.6,67.3,45.6
64.1,45.5,96.8,10.3,3.4
89.6,34.3,16.6,77.6,9.2
21.1,96.4,87.5,21.0,35.7
28.0,19.9,66.4,40.8,89.9
99.9,81.9,90.0,47.9,0.9
10.6,51.2,7.8,40.8,56.1
82.0,99.6,96.8,27.3,5.5
98.6,19.9,14.1,21.0,97.5
54.4,98.6,9.6,21.0,76.2
96.3,15.9,32.4,61.2,19.8
96.3,1.6,47.2,27.3,5.5
82.0,56.9,62.6,21.0,94.1
54.4,19.9,25.4,61.2,97.5
7.2,9.5,62.6,40.8,45.6
82.0,24.4,43.5,14.9,83.9
21.1,0.9,92.1,72.9,19.8
44.8,34.3,32.4,54.4,76.2
89.6,34.3,4.9,67.3,13.7
73.3,34.3,51.3,33.9,94.1
7.2,29.3,4.9,21.0,83.9
54.4,51.2,62.6,72.9,35.7
54.4,1.6,4.9,92.6,83.9
96.3,56.9,55.2,54.4,76.2
73.3,45.5,4.9,97.3,27.0
35.9,51.2,82.3,61.2,27.0
10.6,51.2,36.2,40.8,76.2
35.9,98.6,84.9,21.0,89.9
96.3,96.4,96.8,6.1,89.9
44.8,3.6,51.3,67.3,76.2
4.6,68.2,51.3,47.9,83.9
54.4,62.7,51.3,47.9,19.8
54.4,73.3,19.3,88.3,76.2
89.6,81.9,82.3,33.9,19.8
28.0,85.8,36.2,54.4,27.0
89.6,97.6,93.8,72.9,27.0
28.0,77.6,73.1,90.6,83.9
82.0,56.9,16.6,21.0,3.4
44.8,15.9,90.0,92.6,45.6
98.6,51.2,97.8,67.3,19.8
10.6,62.7,32.4,54.4,56.1
21.1,62.7,19.3,10.3,76.2
10.6,62.7,47.2,77.6,13.7
3.0,77.6,82.3,54.4,76.2
82.0,73.3,55.2,33.9,35.7
35.9,62.7,28.9,81.7,97.5
64.1,5.1,2.5,47.9,56.1
73.3,73.3,47.2,3.0,94.1
7.2,56.9,51.3,61.2,56.1
64.1,56.9,79.4,47.9,19.8
10.6,89.2,66.4,54.4,27.0
54.4,62.7,79.4,67.3,56.1
35.9,73.3,73.1,21.0,66.4
28.0,24.4,36.2,77.6,56.1
73.3,29.3,76.3,85.4,76.2
64.1,62.7,76.3,27.3,1.9
15.4,12.5,66.4,47.9,66.4
35.9,96.4,93.8,3.0,13.7
35.9,51.2,7.8,61.2,35.7
35.9,34.3,43.5,54.4,13.7
89.6,51.2,93.8,72.9,35.7
73.3,96.4,55.2,61.2,89.9
35.9,19.9,36.2,61.2,45.6
96.3,73.3,7.8,92.6,94.1
35.9,19.9,39.6,33.9,76.2
15.4,62.7,55.2,61.2,56.1
28.0,34.3,79.4,77.6,66.4
82.0,89.2,32.4,81.7,66.4
82.0,62.7,9.6,96.4,97.5
73.3,19.9,90.0,40.8,19.8
1.2,81.9,22.4,97.9,1.9
89.6,73.3,59.0,61.2,5.5
28.0,68.2,76.3,54.4,13.7
73.3,85.8,84.9,77.6,76.2
54.4,40.1,51.3,72.9,19.8
98.6,12.5,97.8,47.9,35.7
89.6,89.2,96.8,27.3,99.9
44.8,68.2,19.3,72.9,45.6
82.0,34.3,84.9,27.3,89.9
21.1,91.9,11.9,10.3,56.1
7.2,73.3,4.9,47.9,89.9
73.3,56.9,43.5,92.6,56.1
96.3,89.2,59.0,67.3,98.8
98.6,91.9,95.4,40.8,9.2
10.6,24.4,16.6,61.2,56.1
4.6,15.9,62.6,81.7,66.4
64.1,85.8,95.4,33.9,1.9
35.9,73.3,69.8,47.9,35.7
98.6,9.5,19.3,3.0,66.4
73.3,40.1,25.4,40.8,66.4
10.6,51.2,25.4,40.8,97.5
54.4,81.9,22.4,47.9,99.7
96.3,81.9,36.2,27.3,56.1
89.6,1.6,79.4,88.3,66.4
73.3,89.2,36.2,3.0,13.7
28.0,68.2,92.1,61.2,13.7
98.6,45.5,69.8,21.0,27.0
44.8,24.4,39.6,54.4,76.2
10.6,56.9,55.2,47.9,19.8
82.0,0.9,55.2,61.2,56.1
54.4,40.1,76.3,27.3,35.7
98.6,7.2,11.9,95.3,19.8
15.4,85.8,95.4,99.4,45.6
89.6,99.9,32.4,88.3,9.2
7.2,91.9,99.4,21.0,1.9
28.0,73.3,36.2,72.9,56.1
64.1,15.9,32.4,61.2,13.7
35.9,96.4,79.4,47.9,98.8
44.8,68.2,51.3,77.6,83.9
89.6,40.1,39.6,14.9,27.0
3.0,68.2,28.9,72.9,9.2
44.8,29.3,55.2,14.9,9.2
64.1,85.8,76.3,72.9,66.4
44.8,85.8,22.4,54.4,13.7
82.0,73.3,97.8,54.4,76.2
0.4,99.6,0.9,97.9,94.1
28.0,68.2,43.5,33.9,97.5
73.3,73.3,66.4,54.4,35.7
89.6,81.9,93.8,6.1,56.1
35.9,34.3,2.5,33.9,97.5
54.4,94.4,7.8,90.6,83.9
3.0,40.1,82.3,61.2,66.4
82.0,51.2,73.1,10.3,35.7
64.1,34.3,79.4,47.9,19.8
89.6,51.2,36.2,97.3,83.9
44.8,77.6,73.1,33.9,45.6
89.6,56.9,4.9,97.9,5.5
54.4,56.9,14.1,77.6,9.2
54.4,91.9,28.9,67.3,94.1
28.0,89.2,59.0,27.3,9.2
98.6,62.7,14.1,90.6,19.8
89.6,3.6,47.2,88.3,9.2
44.8,77.6,39.6,72.9,99.9
89.6,85.8,43.5,6.1,56.1
64.1,19.9,9.6,21.0,97.5
28.0,40.1,66.4,27.3,56.1
15.4,77.6,43.5,67.3,45.6
21.1,62.7,82.3,10.3,94.1
64.1,73.3,73.1,40.8,66.4
96.3,56.9,6.2,99.9,1.9
98.6,68.2,11.9,88.3,76.2
28.0,40.1,92.1,27.3,98.8
35.9,2.4,32.4,85.4,83.9
28.0,77.6,59.0,67.3,45.6
4.6,7.2,25.4,90.6,56.1
15.4,45.5,51.3,14.9,94.1
89.6,94.4,62.6,54.4,99.9
28.0,68.2,22.4,92.6,27.0
7.2,29.3,92.1,21.0,89.9
54.4,62.7,14.1,85.4,76.2
64.1,62.7,32.4,54.4,19.8
21.1,81.9,39.6,47.9,66.4
7.2,29.3,3.4,98.8,56.1
21.1,81.9,66.4,47.9,45.6
21.1,40.1,92.1,21.0,89.9
1.8,89.2,39.6,81.7,97.5
89.6,91.9,47.2,47.9,19.8
44.8,56.9,51.3,72.9,27.0
64.1,29.3,0.9,81.7,66.4
35.9,12.5,14.1,77.6,56.1
35.9,19.9,66.4,54.4,27.0
35.9,62.7,55.2,6.1,35.7
64.1,62.7,84.9,67.3,27.0
89.6,12.5,92.1,21.0,45.6
82.0,19.9,96.8,3.0,27.0
7.2,73.3,51.3,85.4,83.9
82.0,73.3,22.4,33.9,66.4
35.9,29.3,73.1,47.9,66.4
99.4,45.5,66.4,3.0,56.1
73.3,81.9,96.8,67.3,19.8
15.4,73.3,69.8,67.3,97.5
28.0,56.9,22.4,33.9,76.2
0.2,56.9,0.9,99.1,66.4
15.4,56.9,73.1,54.4,19.8
64.1,62.7,51.3,33.9,19.8
28.0,56.9,59.0,40.8,66.4
82.0,73.3,3.4,54.4,83.9
10.6,40.1,87.5,3.0,45.6
73.3,40.1,4.9,96.4,89.9
21.1,56.9,69.8,27.3,19.8
1.8,94.4,76.3,61.2,35.7
21.1,56.9,43.5,47.9,19.8
4.6,45.5,76.3,72.9,5.5
44.8,12.5,90.0,54.4,97.5
28.0,68.2,73.1,14.9,13.7
54.4,45.5,7.8,6.1,76.2
98.6,24.4,73.1,27.3,27.0
35.9,24.4,87.5,54.4,76.2
54.4,51.2,69.8,10.3,66.4
82.0,15.9,69.8,21.0,45.6
96.3,34.3,47.2,21.0,89.9
54.4,73.3,36.2,14.9,66.4
89.6,15.9,92.1,72.9,13.7
64.1,45.5,32.4,33.9,19.8
54.4,29.3,47.2,77.6,19.8
64.1,97.6,95.4,21.0,35.7
99.4,40.1,73.1,33.9,83.9
64.1,94.4,90.0,6.1,3.4
54.4,15.9,73.1,40.8,97.5
54.4,12.5,69.8,54.4,66.4
21.1,56.9,66.4,61.2,66.4
7.2,68.2,55.2,72.9,56.1
28.0,5.1,84.9,54.4,27.0
35.9,62.7,25.4,33.9,83.9
73.3,29.3,84.9,61.2,35.7
89.6,56.9,11.9,21.0,99.9
82.0,62.7,22.4,81.7,83.9
64.1,34.3,59.0,3.0,56.1
64.1,3.6,28.9,85.4,83.9
89.6,73.3,93.8,14.9,5.5
28.0,19.9,87.5,3.0,56.1
44.8,24.4,9.6,98.8,66.4
73.3,15.9,14.1,40.8,56.1
35.9,51.2,73.1,47.9,45.6
0.7,62.7,93.8,98.8,97.5
35.9,40.1,4.9,61.2,56.1
82.0,9.5,7.8,98.8,13.7
54.4,73.3,22.4,47.9,19.8
54.4,29.3,4.9,27.3,9.2
98.6,89.2,43.5,47.9,3.4
4.6,15.9,32.4,47.9,45.6
44.8,51.2,6.2,85.4,5.5
35.9,40.1,62.6,33.9,27.0
10.6,89.2,43.5,94.1,27.0
44.8,7.2,16.6,67.3,76.2
89.6,56.9,99.9,72.9,66.4
64.1,34.3,47.2,21.0,35.7
35.9,62.7,47.2,33.9,97.5
35.9,12.5,73.1,21.0,19.8
35.9,19.9,47.2,21.0,35.7
10.6,24.4,22.4,54.4,35.7
44.8,85.8,47.2,61.2,76.2
89.6,85.8,55.2,40.8,45.6
73.3,85.8,73.1,33.9,45.6
10.6,9.5,22.4,85.4,83.9
15.4,19.9,62.6,27.3,56.1
96.3,29.3,66.4,6.1,66.4
98.6,77.6,32.4,85.4,99.7
4.6,19.9,14.1,77.6,94.1
89.6,85.8,82.3,61.2,83.9
82.0,40.1,28.9,54.4,66.4
64.1,19.9,39.6,81.7,35.7
64.1,81.9,55.2,81.7,19.8
10.6,62.7,55.2,72.9,3.4
82.0,98.6,59.0,27.3,13.7
44.8,94.4,55.2,33.9,45.6
89.6,3.6,1.5,21.0,76.2
89.6,85.8,0.9,77.6,89.9
64.1,24.4,28.9,27.3,45.6
73.3,77.6,25.4,10.3,35.7
54.4,73.3,47.2,67.3,76.2
73.3,12.5,73.1,6.1,76.2
99.4,85.8,47.2,96.4,9.2
82.0,81.9,3.4,81.7,19.8
35.9,51.2,66.4,21.0,66.4
54.4,19.9,36.2,10.3,94.1
28.0,77.6,51.3,72.9,83.9
35.9,29.3,36.2,85.4,45.6
98.6,62.7,69.8,14.9,83.9
44.8,73.3,82.3,54.4,45.6
35.9,56.9,95.4,27.3,45.6
54.4,19.9,55.2,33.9,66.4
89.6,15.9,69.8,47.9,13.7
15.4,29.3,47.2,77.6,27.0
15.4,77.6,47.2,77.6,13.7
73.3,68.2,87.5,47.9,3.4
15.4,15.9,1.5,61.2,66.4
35.9,34.3,76.3,21.0,45.6
96.3,89.2,19.3,94.1,9.2
35.9,45.5,39.6,33.9,76.2
35.9,29.3,39.6,47.9,27.0
35.9,62.7,69.8,47.9,94.1
44.8,56.9,73.1,67.3,5.5
54.4,7.2,55.2,47.9,27.0
44.8,77.6,59.0,27.3,13.7
64.1,40.1,79.4,47.9,97.5
64.1,51.2,62.6,6.1,13.7
89.6,45.5,43.5,72.9,45.6
44.8,94.4,76.3,40.8,76.2
7.2,73.3,51.3,47.9,56.1
73.3,99.6,7.8,88.3,99.7
7.2,73.3,55.2,54.4,56.1
82.0,40.1,43.5,61.2,56.1
44.8,73.3,47.2,72.9,9.2
82.0,40.1,9.6,99.8,3.4
54.4,45.5,84.9,27.3,66.4
1.2,1.6,0.9,97.9,89.9
15.4,7.2,28.9,90.6,27.0
82.0,45.5,19.3,81.7,66.4
89.6,85.8,43.5,33.9,56.1
28.0,68.2,47.2,85.4,66.4
54.4,45.5,11.9,77.6,83.9
44.8,19.9,92.1,33.9,27.0
82.0,19.9,32.4,67.3,89.9
28.0,34.3,62.6,67.3,66.4
10.6,68.2,32.4,67.3,9.2
28.0,62.7,95.4,21.0,27.0
54.4,24.4,36.2,85.4,66.4
28.0,45.5,43.5,40.8,66.4
44.8,45.5,62.6,85.4,56.1
82.0,51.2,51.3,14.9,13.7
73.3,40.1,66.4,72.9,19.8
82.0,19.9,96.8,47.9,83.9
15.4,89.2,28.9,61.2,13.7
64.1,24.4,47.2,81.7,45.6
21.1,34.3,79.4,33.9,45.6
10.6,40.1,76.3,88.3,45.6
64.1,89.2,62.6,61.2,45.6
54.4,85.8,22.4,67.3,56.1
28.0,85.8,69.8,61.2,66.4
28.0,45.5,6.2,61.2,9.2
98.6,91.9,14.1,92.6,83.9
44.8,51.2,73.1,33.9,66.4
64.1,19.9,82.3,94.1,76.2
21.1,68.2,55.2,85.4,45.6
21.1,15.9,51.3,72.9,66.4
15.4,19.9,69.8,81.7,13.7
35.9,56.9,47.2,47.9,89.9
7.2,51.2,47.2,88.3,27.0
44.8,73.3,39.6,81.7,89.9
44.8,91.9,69.8,54.4,56.1
64.1,45.5,66.4,40.8,83.9
64.1,73.3,90.0,27.3,89.9
35.9,81.9,73.1,14.9,83.9
35.9,19.9,36.2,81.7,56.1
21.1,34.3,69.8,77.6,45.6
73.3,96.4,82.3,40.8,83.9
54.4,40.1,19.3,67.3,3.4
64.1,81.9,90.0,27.3,56.1
73.3,15.9,66.4,99.6,83.9
54.4,73.3,76.3,54.4,9.2
73.3,73.3,95.4,10.3,45.6
10.6,24.4,76.3,85.4,56.1
99.7,98.6,84.9,21.0,13.7
44.8,85.8,7.8,54.4,9.2
15.4,51.2,62.6,72.9,35.7
35.9,56.9,14.1,27.3,76.2
3.0,97.6,47.2,61.2,45.6
28.0,29.3,36.2,72.9,5.5
82.0,94.4,62.6,33.9,19.8
1.8,81.9,16.6,67.3,19.8
64.1,56.9,47.2,40.8,94.1
89.6,77.6,79.4,3.0,0.9
73.3,85.8,43.5,95.3,45.6
15.4,19.9,36.2,54.4,35.7
15.4,81.9,55.2,77.6,35.7
89.6,9.5,69.8,67.3,83.9
89.6,98.6,55.2,6.1,35.7
96.3,45.5,47.2,94.1,66.4
28.0,56.9,32.4,33.9,45.6
82.0,56.9,87.5,6.1,27.0
10.6,19.9,93.8,67.3,35.7
35.9,62.7,99.9,6.1,35.7
82.0,24.4,6.2,97.3,27.0
64.1,45.5,66.4,27.3,66.4
89.6,9.5,76.3,90.6,56.1
64.1,24.4,66.4,40.8,35.7
99.4,96.4,59.0,33.9,5.5
82.0,24.4,28.9,88.3,89.9
82.0,62.7,19.3,77.6,89.9
54.4,5.1,22.4,90.6,76.2
64.1,45.5,55.2,14.9,76.2
54.4,12.5,82.3,21.0,45.6
44.8,62.7,55.2,40.8,45.6
96.3,73.3,93.8,27.3,56.1
64.1,40.1,32.4,94.1,89.9
96.3,62.7,99.4,6.1,19.8
0.0,62.7,55.2,27.3,35.7
28.0,19.9,82.3,61.2,9.2
15.4,77.6,28.9,72.9,76.2
73.3,81.9,79.4,72.9,9.2
35.9,12.5,28.9,77.6,56.1
64.1,77.6,51.3,6.1,13.7
54.4,56.9,2.5,97.3,66.4
44.8,19.9,4.9,88.3,94.1
82.0,89.2,47.2,10.3,19.8
82.0,85.8,66.4,54.4,35.7
82.0,81.9,59.0,77.6,97.5
96.3,89.2,19.3,33.9,19.8
15.4,85.8,66.4,33.9,13.7
10.6,7.2,55.2,54.4,27.0
1.2,19.9,82.3,72.9,83.9
64.1,56.9,92.1,72.9,97.5
96.3,73.3,51.3,81.7,45.6
21.1,99.6,87.5,27.3,56.1
21.1,19.9,59.0,77.6,35.7
28.0,45.5,73.1,72.9,76.2
73.3,62.7,14.1,27.3,83.9
82.0,7.2,25.4,3.0,9.2
54.4,15.9,59.0,47.9,66.4
35.9,85.8,76.3,27.3,45.6
35.9,56.9,62.6,67.3,19.8
35.9,73.3,97.8,33.9,56.1
96.3,98.6,82.3,3.0,66.4
35.9,97.6,22.4,14.9,19.8
35.9,99.6,76.3,47.9,13.7
89.6,62.7,14.1,85.4,76.2
96.3,24.4,87.5,81.7,5.5
35.9,68.2,59.0,21.0,56.1
82.0,45.5,99.4,10.3,76.2
96.3,56.9,82.3,61.2,19.8
54.4,29.3,76.3,54.4,66.4
89.6,15.9,32.4,33.9,56.1
82.0,45.5,62.6,47.9,56.1
10.6,51.2,0.9,77.6,97.5
21.1,45.5,79.4,10.3,35.7
15.4,19.9,55.2,81.7,76.2
21.1,40.1,79.4,6.1,83.9
15.4,99.6,84.9,33.9,27.0
28.0,29.3,76.3,85.4,45.6
64.1,89.2,66.4,40.8,89.9
54.4,68.2,25.4,6.1,89.9
21.1,77.6,69.8,40.8,76.2
82.0,91.9,76.3,47.9,89.9
82.0,19.9,28.9,54.4,35.7
21.1,56.9,66.4,54.4,56.1
73.3,85.8,28.9,95.3,83.9
15.4,91.9,16.6,6.1,76.2
64.1,68.2,66.4,14.9,56.1
64.1,56.9,69.8,94.1,35.7
98.6,56.9,69.8,81.7,56.1
96.3,56.9,97.8,27.3,19.8
82.0,62.7,87.5,33.9,66.4
28.0,81.9,51.3,90.6,83.9
4.6,62.7,22.4,3.0,13.7
4.6,94.4,19.3,77.6,13.7
35.9,45.5,87.5,33.9,66.4
15.4,40.1,22.4,27.3,45.6
82.0,29.3,11.9,3.0,97.5
15.4,15.9,39.6,72.9,9.2
21.1,99.6,51.3,14.9,83.9
10.6,89.2,73.1,21.0,56.1
28.0,85.8,4.9,33.9,66.4
15.4,0.6,66.4,99.4,97.5
64.1,51.2,87.5,14.9,45.6
35.9,34.3,47.2,54.4,27.0
82.0,29.3,76.3,81.7,76.2
82.0,56.9,32.4,40.8,35.7
44.8,77.6,39.6,77.6,66.4
82.0,89.2,11.9,90.6,56.1
82.0,89.2,25.4,40.8,45.6
82.0,56.9,32.4,88.3,56.1
73.3,34.3,62.6,3.0,45.6
73.3,77.6,87.5,21.0,19.8
54.4,40.1,6.2,81.7,76.2
89.6,51.2,51.3,21.0,19.8
15.4,5.1,79.4,72.9,56.1
89.6,45.5,66.4,81.7,19.8
4.6,19.9,36.2,88.3,94.1
96.3,96.4,76.3,27.3,45.6
35.9,56.9,22.4,95.3,13.7
64.1,56.9,36.2,47.9,56.1
3.0,19.9,22.4,72.9,83.9
82.0,24.4,9.6,27.3,76.2
89.6,62.7,28.9,14.9,83.9
35.9,94.4,59.0,33.9,13.7
28.0,40.1,22.4,14.9,83.9
44.8,62.7,25.4,33.9,13.7
96.3,9.5,28.9,54.4,66.4
96.3,97.6,79.4,10.3,19.8
54.4,9.5,73.1,90.6,27.0
64.1,68.2,43.5,61.2,56.1
35.9,91.9,11.9,33.9,66.4
73.3,40.1,84.9,72.9,27.0
64.1,12.5,51.3,67.3,56.1
64.1,85.8,43.5,14.9,83.9
15.4,19.9,36.2,72.9,56.1
54.4,94.4,47.2,67.3,83.9
89.6,1.6,47.2,88.3,66.4
89.6,89.2,99.4,21.0,9.2
54.4,19.9,14.1,85.4,94.1
96.3,96.4,62.6,21.0,76.2
35.9,45.5,66.4,54.4,45.6
21.1,73.3,98.7,81.7,97.5
98.6,81.9,39.6,14.9,56.1
21.1,45.5,25.4,85.4,27.0
89.6,12.5,59.0,21.0,89.9
82.0,98.6,96.8,21.0,13.7
15.4,40.1,28.9,67.3,35.7
54.4,85.8,87.5,21.0,27.0
7.2,56.9,96.8,14.9,27.0
15.4,29.3,55.2,88.3,45.6
4.6,89.2,14.1,72.9,27.0
54.4,19.9,51.3,14.9,66.4
64.1,73.3,79.4,27.3,98.8
21.1,68.2,98.7,27.3,9.2
89.6,40.1,1.5,40.8,45.6
82.0,34.3,99.9,40.8,35.7
15.4,56.9,51.3,92.6,35.7
89.6,40.1,47.2,90.6,5.5
82.0,77.6,51.3,72.9,13.7
15.4,56.9,7.8,14.9,83.9
64.1,77.6,25.4,77.6,83.9
64.1,40.1,28.9,14.9,99.4
10.6,77.6,51.3,27.3,56.1
89.6,56.9,19.3,92.6,56.1
96.3,81.9,62.6,33.9,19.8
28.0,40.1,28.9,81.7,83.9
64.1,98.6,87.5,54.4,45.6
73.3,81.9,95.4,54.4,76.2
54.4,24.4,43.5,72.9,19.8
73.3,94.4,87.5,21.0,94.1
82.0,62.7,84.9,33.9,66.4
96.3,2.4,51.3,14.9,35.7
64.1,40.1,7.8,33.9,97.5
89.6,99.6,19.3,96.4,97.5
15.4,96.4,36.2,3.0,89.9
89.6,1.6,82.3,21.0,89.9
64.1,19.9,87.5,47.9,94.1
44.8,98.6,99.4,10.3,13.7
64.1,68.2,76.3,27.3,13.7
3.0,85.8,55.2,67.3,45.6
82.0,29.3,0.9,92.6,66.4
7.2,77.6,39.6,67.3,66.4
35.9,56.9,73.1,61.2,19.8
3.0,62.7,32.4,54.4,19.8
96.3,99.6,98.7,6.1,0.9
35.9,85.8,76.3,54.4,83.9
73.3,34.3,39.6,14.9,45.6
44.8,34.3,14.1,47.9,56.1
28.0,7.2,84.9,97.3,19.8
89.6,19.9,28.9,33.9,56.1
28.0,85.8,47.2,40.8,56.1
73.3,15.9,79.4,67.3,76.2
44.8,56.9,59.0,85.4,94.1
96.3,81.9,14.1,95.3,94.1
15.4,68.2,69.8,10.3,66.4
82.0,45.5,43.5,97.9,45.6
89.6,5.1,14.1,47.9,94.1
96.3,15.9,28.9,47.9,89.9
28.0,56.9,32.4,85.4,45.6
89.6,56.9,22.4,67.3,9.2
28.0,73.3,25.4,10.3,35.7
82.0,81.9,95.4,33.9,27.0
54.4,29.3,66.4,10.3,45.6
96.3,45.5,90.0,54.4,19.8
73.3,68.2,69.8,40.8,56.1
7.2,15.9,99.9,33.9,56.1
7.2,5.1,11.9,61.2,97.5
96.3,68.2,95.4,3.0,0.9
82.0,7.2,62.6,54.4,56.1
73.3,56.9,51.3,40.8,35.7
44.8,15.9,7.8,33.9,76.2
82.0,12.5,95.4,54.4,45.6
7.2,99.9,51.3,21.0,9.2
15.4,51.2,43.5,33.9,83.9
54.4,56.9,82.3,27.3,83.9
7.2,85.8,69.8,10.3,56.1
28.0,81.9,59.0,85.4,5.5
64.1,81.9,79.4,47.9,97.5
44.8,62.7,16.6,67.3,76.2
21.1,56.9,7.8,96.4,56.1
73.3,34.3,69.8,40.8,45.6
73.3,5.1,28.9,97.3,97.5
82.0,81.9,92.1,61.2,66.4
98.6,97.6,92.1,3.0,3.4
10.6,45.5,51.3,85.4,35.7
64.1,77.6,62.6,21.0,83.9
54.4,40.1,25.4,40.8,35.7
35.9,81.9,47.2,61.2,76.2
89.6,19.9,32.4,96.4,97.5
10.6,85.8,62.6,21.0,19.8
0.0,12.5,51.3,21.0,9.2
82.0,1.6,4.9,10.3,66.4
7.2,51.2,51.3,81.7,76.2
64.1,96.4,51.3,14.9,35.7
28.0,62.7,11.9,67.3,66.4
54.4,94.4,59.0,40.8,66.4
10.6,62.7,73.1,61.2,13.7
28.0,51.2,43.5,88.3,89.9
7.2,40.1,62.6,77.6,35.7
10.6,62.7,32.4,92.6,89.9
54.4,56.9,82.3,14.9,45.6
54.4,40.1,92.1,14.9,56.1
15.4,19.9,69.8,54.4,19.8
35.9,62.7,25.4,77.6,35.7
15.4,24.4,11.9,47.9,89.9
7.2,12.5,69.8,40.8,56.1
4.6,81.9,39.6,81.7,45.6
44.8,85.8,28.9,10.3,56.1
54.4,98.6,90.0,61.2,35.7
54.4,68.2,84.9,67.3,56.1
89.6,45.5,7.8,33.9,13.7
15.4,56.9,28.9,72.9,94.1
64.1,77.6,79.4,27.3,5.5
21.1,94.4,79.4,67.3,45.6
73.3,12.5,84.9,47.9,9.2
7.2,68.2,82.3,81.7,35.7
99.9,94.4,51.3,3.0,76.2
96.3,51.2,82.3,14.9,45.6
15.4,51.2,43.5,21.0,35.7
73.3,85.8,93.8,33.9,56.1
28.0,45.5,43.5,95.3,76.2
82.0,45.5,82.3,61.2,66.4
44.8,77.6,66.4,27.3,45.6
28.0,51.2,47.2,47.9,45.6
21.1,24.4,98.7,54.4,35.7
21.1,0.1,90.0,21.0,89.9
73.3,29.3,36.2,95.3,89.9
54.4,73.3,69.8,40.8,27.0
15.4,81.9,66.4,54.4,35.7
64.1,62.7,43.5,40.8,76.2
35.9,45.5,79.4,54.4,19.8
35.9,3.6,0.9,97.9,66.4
35.9,45.5,93.8,47.9,76.2
54.4,29.3,25.4,95.3,76.2
96.3,68.2,9.6,27.3,45.6
96.3,12.5,62.6,95.3,45.6
64.1,29.3,92.1,47.9,89.9
4.6,56.9,55.2,54.4,3.4
96.3,3.6,47.2,21.0,89.9
64.1,85.8,43.5,88.3,89.9
44.8,68.2,19.3,33.9,56.1
44.8,85.8,87.5,21.0,27.0
44.8,73.3,43.5,81.7,56.1
98.6,29.3,87.5,88.3,13.7
82.0,5.1,62.6,96.4,97.5
82.0,19.9,69.8,72.9,27.0
64.1,45.5,39.6,40.8,66.4
96.3,51.2,92.1,33.9,89.9
1.8,45.5,28.9,61.2,89.9
73.3,40.1,32.4,14.9,45.6
54.4,62.7,84.9,61.2,56.1
28.0,99.8,66.4,81.7,9.2
21.1,62.7,47.2,14.9,35.7
73.3,51.2,51.3,67.3,45.6
21.1,81.9,47.2,21.0,13.7
44.8,89.2,82.3,72.9,66.4
96.3,99.6,96.8,3.0,56.1
7.2,29.3,28.9,67.3,83.9
7.2,73.3,99.4,27.3,97.5
10.6,24.4,43.5,72.9,76.2
73.3,62.7,51.3,67.3,66.4
64.1,81.9,11.9,88.3,76.2
15.4,62.7,11.9,81.7,45.6
64.1,91.9,95.4,61.2,27.0
35.9,51.2,39.6,33.9,35.7
21.1,62.7,82.3,3.0,83.9
89.6,91.9,25.4,14.9,45.6
54.4,77.6,28.9,21.0,89.9
35.9,77.6,36.2,54.4,56.1
21.1,77.6,6.2,33.9,89.9
73.3,56.9,62.6,67.3,19.8
10.6,56.9,62.6,40.8,89.9
73.3,51.2,84.9,14.9,1.9
98.6,45.5,47.2,90.6,66.4
64.1,91.9,95.4,27.3,3.4
